164.668 238.607 177.057 225.607
177.668 224.996 168.39 210.107
169.612 210.107 180.168 198.94
180.168 198.94 167.168 180.94
167.779 180.329 176.446 164.829
176.446 164.218 167.168 148.107
167.168 148.107 175.834 138.773
203.723 137.551 157.834 135.051
122.501 183.44 150.39 179.718
149.779 189.607 122.501 183.44
149.779 189.607 149.168 179.107
203.112 195.218 224.223 195.218
226.501 195.218 229.779 193.329
229.779 190.884 229.779 185.273
228.557 183.44 224.223 179.107
222.334 175.996 216.112 175.996
216.112 175.996 203.112 175.996
203.112 217.551 203.112 137.551
201.89 238.607 203.112 219.384
197.557 249.773 201.89 241.718
188.223 255.384 196.89 252.273
188.223 255.996 177.668 251.662
175.834 251.662 165.279 243.607
163.446 242.329 156.001 230.551
156.001 229.329 157.223 134.44
271.001 137.273 271.001 133.551
271.612 131.662 272.89 126.107
274.112 124.829 280.334 120.496
287.168 120.496 280.334 120.496
293.334 125.44 287.779 120.496
293.334 131.662 293.946 126.107
291.501 137.273 293.334 133.551
284.057 139.718 290.89 139.107
282.779 140.996 272.89 139.718
218.89 137.884 218.89 134.162
219.501 132.273 220.779 126.718
222.001 125.44 228.223 121.107
235.057 121.107 228.223 121.107
241.223 126.051 235.668 121.107
241.223 132.273 241.834 126.718
239.39 137.884 241.223 134.162
231.946 140.329 238.779 139.718
230.668 141.607 220.779 140.329
161.501 138.773 161.501 135.051
162.112 133.162 163.39 127.607
164.612 126.329 170.834 121.996
177.668 121.996 170.834 121.996
183.834 126.94 178.279 121.996
183.834 133.162 184.446 127.607
182.001 138.773 183.834 135.051
174.557 141.218 181.39 140.607
173.279 142.496 163.39 141.218
117.446 140.607 117.446 136.884
118.057 134.996 119.334 129.44
120.557 128.162 126.779 123.829
133.612 123.829 126.779 123.829
139.779 128.773 134.223 123.829
139.779 134.996 140.39 129.44
137.946 140.607 139.779 136.884
130.501 143.051 137.334 142.44
129.223 144.329 119.334 143.051
73.1678 140.94 73.1678 137.218
73.7789 135.329 75.0567 129.773
76.2789 128.496 82.5011 124.162
89.3344 124.162 82.5011 124.162
95.5011 129.107 89.9456 124.162
95.5011 135.329 96.1122 129.773
93.6678 140.94 95.5011 137.218
86.2233 143.384 93.0567 142.773
84.9456 144.662 75.0567 143.384
176.723 31.1622 164.334 18.1622
168.057 46.6622 177.334 31.7733
179.834 57.8289 169.279 46.6622
166.834 75.8289 179.834 57.8289
176.112 91.94 167.446 76.44
166.834 108.662 176.112 92.5511
175.501 117.996 166.834 108.662
157.501 121.718 203.39 119.218
150.057 77.0511 122.168 73.3289
122.168 73.3289 149.446 67.1622
148.834 77.6622 149.446 67.1622
223.89 61.5511 202.779 61.5511
229.446 63.44 226.168 61.5511
229.446 71.4956 229.446 65.8844
223.89 77.6622 228.223 73.3289
215.779 80.7733 222.001 80.7733
202.779 80.7733 215.779 80.7733
202.779 119.218 202.779 39.2178
202.779 37.3844 201.557 18.1622
201.557 15.0511 197.223 6.99556
196.557 4.49556 187.89 1.38444
177.334 5.10667 187.89 0.773333
164.946 13.1622 175.501 5.10667
155.668 26.2178 163.112 14.44
156.89 122.329 155.668 27.44
357.834 148.384 375.168 144.051
374.557 144.051 374.557 144.051
215.779 152.107 357.834 148.996
374.557 142.773 373.946 127.273
373.946 127.273 367.112 113.662
367.112 113.662 346.668 104.329
346.668 104.329 310.057 101.218
310.057 101.218 228.223 100.607
161.223 100.607 228.223 100.607
84.3344 108.051 161.223 100.607
14.2789 119.829 80.0011 108.051
7.44556 144.662 14.2789 119.829
1.83444 169.44 6.83444 145.884
0.00111111 189.94 0.00111111 171.94
6.16778 201.107 0.612222 193.051
17.9456 204.218 6.83444 201.107
18.6122 204.218 31.6122 199.218
32.2233 199.218 42.1678 186.218
41.5567 185.607 41.5567 152.718
142.612 152.107 215.168 152.107
39.6678 152.718 142.612 152.718
