l 0.384286 0.605714 0.71 0.522857
l 0.417143 0.301429 0.538571 0.657143
l 0.824286 0.404286 0.358571 0.498571
l 0.287143 0.682857 0.572857 0.851429
l 0.418571 0.548571 0.217143 0.335714
l 0.364286 0.0857143 0.215714 0.555714
l 0.77 0.222857 0.587143 0.68
w 10
l 0.542857 0.27 0.765714 0.554286
l 0.624286 0.808571 0.541429 0.428571
l 0.431429 0.164286 0.315714 0.524286
w 1
l 0.235714 0.634286 0.258571 0.831429
l 0.34 0.628571 0.447143 0.887143
c 1 0 0
l 0.818571 0.772857 0.865714 0.535714
l 0.702857 0.362857 0.778571 0.771429
e
